30.799511
30.826342
30.822701
30.838131
30.80722
30.77622
30.79446
30.802094
30.833792
30.83181
30.823751
30.810301
30.821991
30.810301
30.788412
30.678782
30.672512
30.663673
30.70845
30.69519
30.677792
30.692141
30.732172
30.755131
30.694761
30.692516
30.678232
30.681911
30.668741
30.664991
30.672691
30.673191
30.672512
30.653952
30.662373
30.678452
29.605581
30.663261
30.644543
30.625742
30.630402
30.648172
30.645882
30.673813
30.681261
30.656313
30.641882
30.609812
29.813211
30.695435
30.716116
30.696032
30.660849
30.680351
30.694122
30.695435
30.326603
30.762491
30.7045
30.731642
30.763342
30.769232
30.738331
30.730022
30.7173
30.778963
30.736521
30.688572
30.677601
30.691833
29.40268
30.677042
30.768732
30.760881
30.737572
30.751794
30.75112
30.734871
30.75843
30.737881
30.736742
30.725
30.604881
30.59441
30.611422
30.608313
30.632551
30.604502
30.592962
30.641243
30.606121
30.572111
30.577681
30.583271
30.591152
30.585772
30.591152
30.56212
30.588291
30.591152
30.771381
30.755371
30.772722
30.797983
30.753551
30.769073
30.771831
30.769449
30.742481
30.739382
30.72831
30.714092
30.715612
30.739382
30.767843
30.620041
30.68334
30.63941
30.630131
30.677803
30.657291
30.643421
30.675121
30.661242
30.659351
30.654581
30.623993
30.636852
30.649811
30.691061
30.682901
30.706549
30.699341
30.549013
30.603251
30.528811
30.597361
30.584717
30.589333
30.589425
30.587271
30.677292
30.651552
30.594009
30.632462
30.636084
30.609489
30.632462
30.637821
30.616442
30.584761
30.551121
30.5331
30.534351
30.535372
30.582432
30.594622
30.586512
30.604631
30.56324
30.57571
30.604052
30.578312
30.651863
30.585649
30.610142
30.612593
30.614681
29.517691
30.61767
30.615341
30.610142
30.571341
30.662622
30.673042
30.635841
30.658302
30.629641
30.65629
30.544481
30.527433
30.518652
30.568411
30.500143
30.573912
30.555573
30.520292
30.512651
30.54837
30.499043
30.559671
30.545151
30.595982
30.56974
30.579861
30.575373
30.562443
30.593819
30.578892
30.545092
30.527483
30.528141
30.508642
30.507631
30.530102
30.494131
30.53927
30.484322
30.496712
30.519831
30.54475
30.762991
30.782692
30.779501
30.813061
30.815783
30.809092
30.771332
30.792263
30.776783
30.79635
30.763752
30.830822
30.807249
30.847012
30.861231
30.861237
30.861881
30.827013
30.819086
30.8419
30.840502
30.824614
30.757313
30.714231
30.74654
30.73274
30.711224
30.748322
30.734001
30.728701
30.762941
30.721832
30.686523
30.682341
30.685331
30.66691
30.670292
30.680412
30.702112
30.719692
30.70384
30.502022
30.522636
30.533731
30.540752
30.530731
30.513121
30.50947
30.512121
30.519882
30.513144
30.549616
30.532032
30.495541
30.530731
30.560041
30.610622
30.627533
30.663712
30.635292
30.63303
30.638672
30.651461
30.650793
30.626001
30.650843
30.655842
30.671835
30.800571
30.811371
30.778011
30.813522
30.814091
30.80496
30.779661
30.795383
30.740041
30.698598
30.730004
30.720051
30.730184
30.715982
30.760012
30.492321
30.551611
30.484882
30.538893
30.493122
30.521603
30.540512
30.557571
30.530352
30.527712
30.796661
30.698593
30.715303
30.727051
30.720543
