107.539124
107.49633
107.60614
107.57193
107.55658
107.536102
107.481094
107.514633
107.509293
107.531853
107.550087
107.543381
107.583183
107.543381
107.505219
107.782997
107.802498
107.797897
107.921928
107.793152
107.760674
107.850029
107.926773
107.919601
107.808853
107.814842
107.802284
107.81765
107.812477
107.779961
107.790573
107.810654
107.802498
107.993118
108.008224
107.967697
106.139633
107.969864
107.959213
107.971352
107.924171
107.977043
107.949982
107.939972
107.964737
107.975754
108.018433
107.966934
106.561874
108.053078
108.07164
108.052147
108.033684
108.025269
108.03801
108.053078
108.09927
107.452133
107.469238
107.461349
107.480034
107.462914
107.454994
107.473351
107.461357
107.470261
107.436874
107.484238
107.488823
107.515839
106.54041
107.484718
107.51619
107.512718
107.516632
107.538559
107.503098
107.52224
107.488281
107.498802
107.51841
107.535187
107.733673
107.713821
107.685081
107.71035
107.701164
107.711479
107.723541
107.721504
107.972633
107.997757
108.014603
107.972343
107.97847
108.020638
107.97847
107.971549
107.98098
107.97847
107.557373
107.559952
107.556122
107.58271
107.878311
107.884712
107.871557
107.884628
107.823929
107.821121
107.866935
107.815331
107.833672
107.821121
107.830765
107.749031
107.745979
107.772377
107.756981
107.720482
107.770523
107.75235
107.754272
107.752258
107.712303
107.779762
107.729362
107.738892
107.763802
107.706161
107.756172
107.703232
107.745583
107.903938
107.928398
107.911728
107.904961
107.916718
107.909615
107.873729
107.909897
107.910103
107.872795
107.808067
107.853249
107.86333
107.828728
107.853249
107.925911
107.894028
107.845551
107.932434
107.943527
107.940842
107.988571
107.540871
107.599449
107.567802
107.573448
107.519333
107.583
107.549477
107.53904
107.545929
107.546318
107.551353
107.554382
107.563011
106.442162
107.531654
107.524712
107.551353
107.508614
107.690224
107.671463
107.686691
107.684441
107.668449
107.672958
107.788254
107.784393
107.788429
107.828072
107.790062
107.779297
107.813461
107.804222
107.727654
107.756203
107.714661
107.659042
107.695358
107.636421
107.680634
107.683601
107.621033
107.723351
107.678177
107.641289
107.663422
107.651833
107.641014
107.63092
107.642738
107.653519
107.632217
107.627029
107.60038
107.651321
107.66288
107.662674
107.731071
107.719452
107.674843
107.69117
107.704758
107.649521
107.683594
107.722488
107.73307
107.69178
107.716179
107.717461
107.726822
107.74614
107.733238
107.693359
107.743568
107.743355
107.738775
107.732544
107.724648
107.693741
107.651192
107.652664
107.678589
107.686028
107.67627
107.660019
107.636398
107.704498
107.663002
107.662674
107.639633
107.640282
107.668648
107.647324
107.635323
107.597824
107.64016
107.620857
107.609123
107.462631
107.473434
107.494431
107.50473
107.487953
107.534538
107.446243
107.466034
107.48806
107.535861
107.520311
107.491722
107.463463
107.487953
107.503922
107.604042
107.570343
107.62365
107.598854
107.602287
107.638618
107.59935
107.625084
107.624123
107.614212
107.636383
107.573387
107.780304
107.753967
107.771942
107.779472
107.781281
107.798691
107.779984
107.76458
107.773255
107.782978
107.813225
107.789047
107.744725
107.778442
107.75705
107.570358
107.559601
107.58696
107.582382
107.596184
107.593803
107.580872
107.611748
107.582062
107.564034
107.635513
107.573441
107.580261
107.596107
107.535881